{
 "cells": [
  {
   "cell_type": "code",
   "execution_count": 16,
   "metadata": {},
   "outputs": [
    {
     "name": "stdout",
     "output_type": "stream",
     "text": [
      "Extracting MNIST-data/train-images-idx3-ubyte.gz\n",
      "Extracting MNIST-data/train-labels-idx1-ubyte.gz\n",
      "Extracting MNIST-data/t10k-images-idx3-ubyte.gz\n",
      "Extracting MNIST-data/t10k-labels-idx1-ubyte.gz\n"
     ]
    }
   ],
   "source": [
    "from __future__ import absolute_import\n",
    "from __future__ import division\n",
    "from __future__ import print_function\n",
    "\n",
    "# Imports\n",
    "import numpy as np\n",
    "import tensorflow as tf\n",
    "\n",
    "tf.logging.set_verbosity(tf.logging.INFO)\n",
    "\n",
    "#************Load data*******************************\n",
    "mnist = tf.contrib.learn.datasets.load_dataset(\"mnist\")\n",
    "train_data = mnist.train.images     # Returns np.array\n",
    "train_labels = np.asarray(mnist.train.labels, dtype=np.int32)\n",
    "test_data = mnist.test.images       # Returns np.array\n",
    "test_labels = np.asarray(mnist.test.labels, dtype=np.int32)\n",
    "\n"
   ]
  },
  {
   "cell_type": "code",
   "execution_count": 39,
   "metadata": {},
   "outputs": [],
   "source": [
    "#******Model function for implementing CNN*********\n",
    "def cnn_funct(features,labels,mode):\n",
    "    input_layer = tf.reshape(features[\"x\"],[-1,28,28,1])\n",
    "\n",
    "#******Convolutional Layer 1*********\n",
    "    conv_1 = tf.layers.conv2d(inputs = input_layer, filters=32, kernel_size=[5, 5], padding=\"same\", activation=tf.nn.relu)\n",
    "\n",
    "#******Pooling Layer 1****************\n",
    "    pool_1 = tf.layers.max_pooling2d(inputs = conv_1, pool_size=[2, 2], strides=2)\n",
    "\n",
    "#******Convolutional Layer 2*********\n",
    "    conv_2 = tf.layers.conv2d(inputs = pool_1, filters=64, kernel_size=[5, 5], padding=\"same\", activation=tf.nn.relu)\n",
    "\n",
    "#******Pooling Layer 2****************\n",
    "    pool_2 = tf.layers.max_pooling2d(inputs = conv_2, pool_size=[2, 2], strides=2)\n",
    "\n",
    "#******Dense Layer********************\n",
    "    pool2_flat = tf.reshape(pool_2, [-1, 7 * 7 * 64])\n",
    "    dense = tf.layers.dense(inputs=pool2_flat, units=1024, activation=tf.nn.relu)\n",
    "    dropout = tf.layers.dropout(inputs=dense, rate=0.4, training=mode == tf.estimator.ModeKeys.TRAIN)\n",
    "\n",
    "#******Logits Layer*******************\n",
    "    logits = tf.layers.dense(inputs=dropout, units=10)\n",
    "\n",
    "#******Generate predictions (for PREDICT and TEST mode) and add `softmax_tensor` to the graph. It is used for PREDICT and by the `logging_hook`.\n",
    "    predictions = {\"classes\": tf.argmax(input=logits, axis=1),\n",
    "                   \"probabilities\": tf.nn.softmax(logits, name=\"softmax_tensor\")}\n",
    "    if mode == tf.estimator.ModeKeys.PREDICT:\n",
    "        return tf.estimator.EstimatorSpec(mode=mode, predictions=predictions)\n",
    "\n",
    "#******Calculate Loss (for both TRAIN and TEST modes)***********\n",
    "    onehot_labels = tf.one_hot(indices=tf.cast(labels, tf.int32), depth=10)\n",
    "    loss = tf.losses.softmax_cross_entropy(onehot_labels=onehot_labels, logits=logits)\n",
    "\n",
    "#******Configure the Training Op (for TRAIN mode)***************\n",
    "    if mode == tf.estimator.ModeKeys.TRAIN:\n",
    "        optimizer = tf.train.GradientDescentOptimizer(learning_rate=0.001)\n",
    "        train_op = optimizer.minimize(loss=loss,global_step=tf.train.get_global_step())\n",
    "        return tf.estimator.EstimatorSpec(mode=mode, loss=loss, train_op=train_op)\n",
    "\n",
    "#*******Add evaluation metrics (for TEST mode)******************\n",
    "    eval_metric_ops = {\"accuracy\": tf.metrics.accuracy(labels=labels, predictions=predictions[\"classes\"])}\n",
    "    return tf.estimator.EstimatorSpec(mode=mode, loss=loss, eval_metric_ops=eval_metric_ops)    "
   ]
  },
  {
   "cell_type": "code",
   "execution_count": 40,
   "metadata": {},
   "outputs": [
    {
     "name": "stdout",
     "output_type": "stream",
     "text": [
      "INFO:tensorflow:Using default config.\n",
      "INFO:tensorflow:Using config: {'_model_dir': './Project 3- Classification/mnist_convnet_model', '_tf_random_seed': None, '_save_summary_steps': 100, '_save_checkpoints_steps': None, '_save_checkpoints_secs': 600, '_session_config': None, '_keep_checkpoint_max': 5, '_keep_checkpoint_every_n_hours': 10000, '_log_step_count_steps': 100, '_service': None, '_cluster_spec': <tensorflow.python.training.server_lib.ClusterSpec object at 0x1183f1dd8>, '_task_type': 'worker', '_task_id': 0, '_master': '', '_is_chief': True, '_num_ps_replicas': 0, '_num_worker_replicas': 1}\n"
     ]
    }
   ],
   "source": [
    "#*************Create the model estimator which performs classification***********************************\n",
    "#def model_classifier(model_funct):\n",
    "mnist_classifier = tf.estimator.Estimator(model_fn=cnn_funct, model_dir=\"./Project 3- Classification/mnist_convnet_model\")\n"
   ]
  },
  {
   "cell_type": "code",
   "execution_count": 41,
   "metadata": {},
   "outputs": [],
   "source": [
    "#********Set up logging to log the probability values from the softmax layer of our CNN*************\n",
    "tensors_to_log = {\"probabilities\": \"softmax_tensor\"}\n",
    "logging_hook = tf.train.LoggingTensorHook(tensors=tensors_to_log, every_n_iter=50)\n"
   ]
  },
  {
   "cell_type": "code",
   "execution_count": 34,
   "metadata": {},
   "outputs": [],
   "source": [
    "#********Train the model****************************\n",
    "def train_model(x):\n",
    "    train_input_fn = tf.estimator.inputs.numpy_input_fn(\n",
    "    x={\"x\": train_data},\n",
    "    y=train_labels,\n",
    "    batch_size=100,\n",
    "    num_epochs=None,\n",
    "    shuffle=True)\n",
    "    mnist_classifier.train(input_fn=train_input_fn,steps=1000,hooks=[logging_hook])\n",
    "    "
   ]
  },
  {
   "cell_type": "code",
   "execution_count": null,
   "metadata": {},
   "outputs": [],
   "source": [
    "#*********Test the model and print results***********\n",
    "def test_model(x):\n",
    "    test_input_fn = tf.estimator.inputs.numpy_input_fn(\n",
    "    x={\"x\": test_data},\n",
    "    y=test_labels,\n",
    "    num_epochs=1,\n",
    "    shuffle=False)\n",
    "    test_results = mnist_classifier.evaluate(input_fn=test_input_fn)\n",
    "    print(test_results)\n",
    "    "
   ]
  },
  {
   "cell_type": "code",
   "execution_count": 35,
   "metadata": {},
   "outputs": [
    {
     "name": "stdout",
     "output_type": "stream",
     "text": [
      "INFO:tensorflow:Create CheckpointSaverHook.\n",
      "INFO:tensorflow:Restoring parameters from ./Project 3- Classification/mnist_convnet_model/model.ckpt-1\n",
      "INFO:tensorflow:Saving checkpoints for 2 into ./Project 3- Classification/mnist_convnet_model/model.ckpt.\n",
      "INFO:tensorflow:probabilities = [[ 0.10169162  0.10336597  0.09183309  0.09700543  0.09784395  0.09944168\n",
      "   0.1100842   0.08577216  0.11004721  0.10291471]\n",
      " [ 0.10558946  0.09370977  0.09087056  0.08843683  0.11135218  0.10945585\n",
      "   0.10412943  0.10187075  0.10216153  0.09242368]\n",
      " [ 0.10221431  0.10013407  0.08665134  0.09287501  0.09955365  0.10045687\n",
      "   0.10988819  0.10138862  0.12775452  0.07908349]\n",
      " [ 0.10686713  0.09996077  0.09171556  0.09449434  0.08969924  0.09608968\n",
      "   0.11328333  0.09876076  0.10747797  0.1016512 ]\n",
      " [ 0.09978243  0.10245714  0.10095194  0.09535217  0.09047897  0.10506165\n",
      "   0.10949478  0.09764794  0.10257686  0.09619608]\n",
      " [ 0.11289784  0.10556711  0.1070798   0.08918618  0.09845761  0.09060322\n",
      "   0.10196517  0.08806218  0.11088252  0.09529836]\n",
      " [ 0.09995607  0.10181802  0.10097523  0.10144908  0.09323687  0.10861546\n",
      "   0.10352372  0.10035511  0.0992182   0.09085229]\n",
      " [ 0.09632917  0.10171727  0.09411849  0.09715048  0.10673433  0.08913808\n",
      "   0.10823756  0.10846519  0.10807496  0.09003451]\n",
      " [ 0.10510758  0.09105176  0.10447257  0.10087048  0.09922983  0.09763502\n",
      "   0.1119749   0.09852762  0.10760392  0.08352637]\n",
      " [ 0.10300512  0.09994581  0.10187411  0.08819538  0.10834346  0.08964328\n",
      "   0.10394388  0.08563524  0.11603703  0.10337669]\n",
      " [ 0.10066388  0.10175256  0.10006109  0.08573244  0.09973592  0.09769849\n",
      "   0.10788579  0.10098309  0.10983702  0.09564968]\n",
      " [ 0.10647272  0.07873274  0.10371076  0.10421745  0.10282761  0.10224509\n",
      "   0.11068929  0.09281103  0.11019785  0.08809552]\n",
      " [ 0.10287699  0.0985834   0.09372476  0.09098358  0.09993985  0.09635448\n",
      "   0.10017692  0.10789613  0.12200632  0.08745756]\n",
      " [ 0.09784258  0.09812128  0.10032088  0.09148777  0.08996708  0.1041194\n",
      "   0.11043035  0.11076686  0.10495447  0.09198926]\n",
      " [ 0.09682922  0.10004501  0.10097094  0.0895654   0.10876573  0.10816306\n",
      "   0.10759072  0.09740384  0.11064357  0.08002259]\n",
      " [ 0.09876978  0.10106841  0.09481405  0.09347005  0.11357516  0.09658513\n",
      "   0.11844494  0.1000466   0.10383944  0.07938646]\n",
      " [ 0.1012244   0.10123535  0.10415027  0.08640728  0.09474382  0.09835773\n",
      "   0.10952917  0.0974787   0.11020719  0.09666611]\n",
      " [ 0.10028856  0.09990857  0.09559833  0.09305268  0.09550053  0.09632002\n",
      "   0.1156806   0.10373402  0.11460257  0.08531417]\n",
      " [ 0.10796791  0.10123713  0.10334183  0.08387114  0.09447642  0.11036956\n",
      "   0.10807794  0.09980153  0.09877693  0.09207958]\n",
      " [ 0.1028746   0.09404356  0.10258185  0.09243347  0.10755932  0.09976308\n",
      "   0.11701339  0.10294009  0.09944586  0.08134481]\n",
      " [ 0.08887559  0.08790886  0.09941388  0.09786519  0.09209128  0.10924391\n",
      "   0.1182839   0.10610577  0.11386719  0.0863445 ]\n",
      " [ 0.10215454  0.09694335  0.10984086  0.09405366  0.09197026  0.10307673\n",
      "   0.10686774  0.09900316  0.10349132  0.09259839]\n",
      " [ 0.0997608   0.09615063  0.11276698  0.09523507  0.11370846  0.09887239\n",
      "   0.094056    0.09176559  0.10306705  0.09461707]\n",
      " [ 0.10173381  0.10013512  0.10245772  0.1015547   0.10238989  0.08876882\n",
      "   0.11532708  0.09402579  0.10174912  0.09185782]\n",
      " [ 0.09920746  0.09324372  0.09285396  0.08554637  0.10629854  0.10162891\n",
      "   0.09173959  0.10421674  0.12484755  0.1004172 ]\n",
      " [ 0.10723359  0.10834731  0.09810564  0.08057999  0.09627964  0.09232271\n",
      "   0.12059544  0.10656834  0.10419661  0.08577074]\n",
      " [ 0.09686513  0.10349023  0.10352745  0.08532104  0.11345495  0.09017405\n",
      "   0.110077    0.09444256  0.10306476  0.09958278]\n",
      " [ 0.1112798   0.10697722  0.09394649  0.09784382  0.10208663  0.10317966\n",
      "   0.10754701  0.08904061  0.10880059  0.07929809]\n",
      " [ 0.10080716  0.10717748  0.10720801  0.09051701  0.1120971   0.10105567\n",
      "   0.11733062  0.08150597  0.09795759  0.0843434 ]\n",
      " [ 0.09539439  0.101404    0.10750386  0.08459501  0.1142066   0.10127876\n",
      "   0.11560525  0.09169917  0.10554305  0.08276992]\n",
      " [ 0.10839391  0.09818164  0.1064689   0.09400301  0.10639583  0.09984371\n",
      "   0.09550884  0.09519693  0.11354764  0.08245963]\n",
      " [ 0.1105775   0.09745198  0.09965809  0.09437754  0.10043186  0.09099256\n",
      "   0.11005276  0.09424251  0.11200406  0.09021118]\n",
      " [ 0.0938023   0.0988856   0.09924201  0.09874165  0.10057143  0.09920785\n",
      "   0.10807393  0.10253783  0.10635217  0.09258524]\n",
      " [ 0.10464881  0.10373909  0.10556743  0.09264195  0.1005013   0.09775206\n",
      "   0.10494009  0.09608018  0.10759815  0.08653096]\n",
      " [ 0.10556435  0.10039995  0.09949569  0.102503    0.09395358  0.09597741\n",
      "   0.10201827  0.09887601  0.1089328   0.09227902]\n",
      " [ 0.10802399  0.08843437  0.0891164   0.08995941  0.09519016  0.11077468\n",
      "   0.12287261  0.09748358  0.10951682  0.08862801]\n",
      " [ 0.10345887  0.09605442  0.10642432  0.09992431  0.09736087  0.0972799\n",
      "   0.10736538  0.09825715  0.10448405  0.0893908 ]\n",
      " [ 0.1005336   0.09765213  0.10218636  0.09729955  0.1059726   0.09434295\n",
      "   0.1124091   0.09486919  0.10281993  0.09191454]\n",
      " [ 0.10321945  0.09585504  0.10672519  0.09354736  0.09697931  0.10127331\n",
      "   0.11240897  0.09779917  0.10133199  0.09086028]\n",
      " [ 0.09784164  0.09766158  0.0965309   0.08539187  0.09989773  0.1033247\n",
      "   0.12708685  0.08957852  0.09890477  0.10378142]\n",
      " [ 0.1042798   0.10677363  0.10538332  0.09409935  0.08859157  0.10439065\n",
      "   0.11537557  0.08818492  0.1003406   0.09258064]\n",
      " [ 0.10749859  0.10478403  0.09782879  0.10816783  0.10416629  0.08360557\n",
      "   0.09904122  0.09774622  0.10277341  0.09438807]\n",
      " [ 0.10269166  0.10262501  0.10174326  0.08420418  0.10677448  0.09465621\n",
      "   0.12534361  0.08629     0.10051017  0.0951614 ]\n",
      " [ 0.10369811  0.10092952  0.11292953  0.09463058  0.08608855  0.09950589\n",
      "   0.10322767  0.09978082  0.09943278  0.09977646]\n",
      " [ 0.10265855  0.09658132  0.09771867  0.10586892  0.09170844  0.10114929\n",
      "   0.11419327  0.09947743  0.10876619  0.08187787]\n",
      " [ 0.10817225  0.09789526  0.09763125  0.09607     0.09160712  0.10280012\n",
      "   0.12441059  0.08987277  0.11255985  0.07898087]\n",
      " [ 0.10555249  0.09826434  0.10010233  0.09668414  0.09475678  0.09631997\n",
      "   0.12233243  0.09704257  0.1060978   0.08284718]\n",
      " [ 0.09555139  0.09730166  0.10328715  0.0935993   0.09469305  0.09956071\n",
      "   0.11247127  0.09838593  0.1131507   0.09199887]\n",
      " [ 0.10244085  0.10104258  0.09820646  0.08918423  0.10192848  0.10447878\n",
      "   0.13081181  0.07686956  0.1042592   0.09077796]\n",
      " [ 0.0953199   0.10111625  0.10857854  0.08296276  0.09125302  0.1005373\n",
      "   0.10078562  0.10502192  0.10359761  0.11082708]\n",
      " [ 0.11557129  0.09688428  0.10663849  0.09625445  0.1105774   0.08894689\n",
      "   0.10739024  0.09185673  0.10009823  0.08578204]\n",
      " [ 0.10375781  0.09811518  0.0896097   0.09918498  0.10472865  0.09229087\n",
      "   0.10889658  0.10411664  0.10411947  0.09518003]\n",
      " [ 0.10255312  0.11556642  0.09380745  0.08604874  0.10169832  0.09211324\n",
      "   0.11179369  0.09130621  0.11718313  0.08792974]\n",
      " [ 0.09730206  0.10779917  0.08811129  0.10084661  0.10703801  0.09561715\n",
      "   0.11717834  0.10121472  0.098941    0.08595165]\n",
      " [ 0.09707836  0.09877     0.10724084  0.09208746  0.09725671  0.09540982\n",
      "   0.11681794  0.09464772  0.10476036  0.09593077]\n",
      " [ 0.10755996  0.08982228  0.09925417  0.08744379  0.0960476   0.10594819\n",
      "   0.10146244  0.09764726  0.11481085  0.1000035 ]\n",
      " [ 0.10763886  0.10326171  0.09728983  0.09716481  0.10474106  0.09051788\n",
      "   0.10311471  0.09003492  0.11332739  0.0929087 ]\n",
      " [ 0.10616507  0.10161217  0.09618487  0.09743574  0.10040593  0.09291715\n",
      "   0.10331872  0.10215655  0.10582308  0.09398065]\n",
      " [ 0.10394599  0.10032734  0.09517922  0.10574849  0.10860909  0.09543148\n",
      "   0.09752938  0.11185426  0.091447    0.08992773]\n",
      " [ 0.09466214  0.10808795  0.09871818  0.09751879  0.09139023  0.10332321\n",
      "   0.1049905   0.09229419  0.10957468  0.09944011]\n",
      " [ 0.09395523  0.08850703  0.10013937  0.09437816  0.09235308  0.11269203\n",
      "   0.10400064  0.10039908  0.1211623   0.09241309]\n",
      " [ 0.1063764   0.09945738  0.10183247  0.09733031  0.09194109  0.10051744\n",
      "   0.12002     0.09135447  0.10149421  0.08967622]\n",
      " [ 0.10748792  0.0940286   0.09355409  0.09634349  0.11244757  0.09099615\n",
      "   0.10258119  0.0954014   0.11622309  0.09093647]\n",
      " [ 0.11114502  0.09970157  0.09481044  0.1034345   0.09524472  0.10085599\n",
      "   0.10615225  0.10167965  0.09637624  0.0905996 ]\n",
      " [ 0.09581129  0.09714469  0.09540322  0.0822935   0.09655181  0.10330807\n",
      "   0.11233721  0.1059137   0.11588141  0.09535511]\n",
      " [ 0.1021081   0.10844174  0.09702658  0.09424127  0.08901186  0.09682577\n",
      "   0.1163381   0.09811416  0.10874384  0.0891485 ]\n",
      " [ 0.1054083   0.09921826  0.10124358  0.0979041   0.09669621  0.0933243\n",
      "   0.10618681  0.10058938  0.11441991  0.08500916]\n",
      " [ 0.10067567  0.09604273  0.10249817  0.09704288  0.096399    0.10191195\n",
      "   0.10041967  0.10369574  0.11721253  0.08410157]\n",
      " [ 0.10333298  0.09361625  0.1002904   0.09296808  0.1008283   0.09103648\n",
      "   0.10793054  0.09660971  0.11871867  0.09466855]\n",
      " [ 0.10408708  0.09326059  0.08957255  0.10435186  0.09351402  0.10211615\n",
      "   0.11597878  0.10736229  0.10954954  0.08020721]\n",
      " [ 0.09653724  0.10329507  0.10260542  0.09462857  0.10266593  0.09643157\n",
      "   0.09627303  0.09657136  0.10762597  0.1033659 ]\n",
      " [ 0.11389697  0.10185344  0.1066903   0.09756222  0.0886537   0.10074997\n",
      "   0.10933791  0.09322286  0.09904426  0.08898842]\n",
      " [ 0.10451957  0.09994823  0.10198221  0.09514815  0.09999123  0.09660113\n",
      "   0.10632931  0.09444201  0.10906947  0.09196874]\n",
      " [ 0.10649377  0.09692136  0.09778799  0.09207277  0.1088862   0.09680764\n",
      "   0.10203141  0.09762011  0.11541431  0.08596437]\n",
      " [ 0.10035874  0.09869146  0.10384267  0.09202091  0.11427832  0.09070411\n",
      "   0.10795598  0.09407984  0.12223915  0.07582877]\n",
      " [ 0.10065988  0.10448086  0.09503542  0.09391897  0.09409699  0.10865694\n",
      "   0.10804506  0.09692662  0.11285965  0.08531962]\n",
      " [ 0.10903721  0.09424483  0.09747265  0.08859476  0.11383693  0.09183723\n",
      "   0.11584025  0.10092777  0.10147435  0.08673403]\n",
      " [ 0.10175104  0.09855852  0.0994203   0.09406168  0.10763316  0.08626155\n",
      "   0.11792938  0.09404928  0.11152445  0.08881063]\n",
      " [ 0.10931635  0.09733264  0.10825729  0.08646338  0.09516656  0.09589887\n",
      "   0.11159794  0.09540533  0.11651146  0.08405019]\n",
      " [ 0.09900311  0.10395374  0.117083    0.08499978  0.11677916  0.09248889\n",
      "   0.11108633  0.09474564  0.09374909  0.08611133]\n",
      " [ 0.10761854  0.10509507  0.0883593   0.09373998  0.10787357  0.09733332\n",
      "   0.10493499  0.09398426  0.1019035   0.0991574 ]\n",
      " [ 0.09618386  0.09052607  0.09538047  0.09442472  0.10284272  0.1086681\n",
      "   0.10256685  0.10204823  0.11028539  0.09707358]\n",
      " [ 0.10115638  0.09363998  0.10173518  0.09938715  0.09610473  0.09771235\n",
      "   0.10103726  0.10137108  0.11700103  0.09085482]\n",
      " [ 0.10710752  0.09925381  0.09872054  0.09734699  0.09801628  0.09462284\n",
      "   0.10363691  0.10348715  0.10367954  0.09412841]\n",
      " [ 0.11309084  0.09982032  0.09436236  0.0908005   0.1102473   0.10048722\n",
      "   0.10198052  0.0935391   0.10378607  0.09188576]\n",
      " [ 0.10542368  0.09790186  0.0979702   0.09164947  0.10359449  0.10821505\n",
      "   0.1064423   0.0939762   0.10223298  0.09259375]\n",
      " [ 0.10593375  0.09294038  0.10201468  0.08632778  0.09315573  0.10150951\n",
      "   0.10676402  0.10630438  0.11330417  0.09174563]\n",
      " [ 0.10426737  0.1008388   0.10546011  0.09426834  0.09426371  0.10360946\n",
      "   0.108934    0.09837724  0.09923816  0.0907428 ]\n",
      " [ 0.10759323  0.09871885  0.10097691  0.09925113  0.09804111  0.09598105\n",
      "   0.10440703  0.09634359  0.1093227   0.08936431]\n",
      " [ 0.11064491  0.0978639   0.08988873  0.09734094  0.11232924  0.09183787\n",
      "   0.1049508   0.09484887  0.11204811  0.08824656]\n",
      " [ 0.1097872   0.10906395  0.10039629  0.0877027   0.10154149  0.1044456\n",
      "   0.09578384  0.10077073  0.10126802  0.08924022]\n",
      " [ 0.11152197  0.10029207  0.08305444  0.09710138  0.08941776  0.11275294\n",
      "   0.10768206  0.09715335  0.11585622  0.08516778]\n",
      " [ 0.10526185  0.10607848  0.10430233  0.08935259  0.09459157  0.09777375\n",
      "   0.1116098   0.09206407  0.09720732  0.10175819]\n",
      " [ 0.11059296  0.09780677  0.09065028  0.0947198   0.08799541  0.10956451\n",
      "   0.10775553  0.09761607  0.10325108  0.10004759]\n",
      " [ 0.09751716  0.10373989  0.09940653  0.09482986  0.09681533  0.10504202\n",
      "   0.10256102  0.1082425   0.09938513  0.0924606 ]\n",
      " [ 0.09968285  0.09760696  0.10954513  0.08826105  0.10381956  0.10009356\n",
      "   0.10030189  0.10550667  0.10329669  0.09188568]\n",
      " [ 0.11013098  0.09682159  0.09710146  0.08976954  0.10768373  0.09478563\n",
      "   0.10672031  0.10596825  0.10963812  0.0813804 ]\n",
      " [ 0.10813429  0.0958103   0.10419253  0.08301878  0.10562799  0.09712759\n",
      "   0.10951739  0.09718385  0.10931072  0.0900766 ]\n",
      " [ 0.10285692  0.10338172  0.11062813  0.09073314  0.10348678  0.10559504\n",
      "   0.10537332  0.08860441  0.09698137  0.09235919]\n",
      " [ 0.11550341  0.09291715  0.08880085  0.10498432  0.10174903  0.09930737\n",
      "   0.11050214  0.09018007  0.11337837  0.08267722]]\n"
     ]
    },
    {
     "name": "stdout",
     "output_type": "stream",
     "text": [
      "INFO:tensorflow:loss = 2.29754, step = 2\n",
      "INFO:tensorflow:probabilities = [[ 0.10153373  0.09890896  0.11579007  0.09874226  0.09335891  0.09408894\n",
      "   0.10151529  0.10440874  0.10154932  0.09010375]\n",
      " [ 0.11187528  0.09775905  0.09530138  0.09936054  0.10834926  0.09157617\n",
      "   0.11291625  0.08460609  0.10770551  0.09055047]\n",
      " [ 0.09904101  0.11661553  0.10538991  0.08426914  0.09722015  0.09926853\n",
      "   0.11329201  0.09687322  0.09701201  0.09101856]\n",
      " [ 0.12227814  0.10235681  0.09750785  0.0951182   0.09347654  0.08973311\n",
      "   0.10852469  0.09251992  0.10360239  0.09488235]\n",
      " [ 0.10235776  0.10060742  0.10422502  0.09213965  0.10136327  0.0953428\n",
      "   0.11168926  0.09122149  0.11825593  0.08279745]\n",
      " [ 0.10812278  0.11124682  0.09623186  0.08630607  0.09368656  0.10747389\n",
      "   0.11931992  0.09412132  0.08676733  0.09672347]\n",
      " [ 0.10472732  0.10083304  0.09087548  0.0902859   0.10208811  0.10282236\n",
      "   0.09862152  0.10146835  0.11699992  0.09127799]\n",
      " [ 0.10479259  0.10350421  0.10026807  0.09324598  0.08939082  0.09512493\n",
      "   0.11045594  0.10651387  0.10517698  0.09152658]\n",
      " [ 0.11673155  0.08915895  0.09558204  0.10000084  0.09392659  0.10393928\n",
      "   0.09693601  0.10523139  0.11015714  0.08833624]\n",
      " [ 0.10244691  0.10649575  0.101828    0.09711534  0.1143695   0.10254667\n",
      "   0.1006967   0.08044884  0.09616236  0.09788987]\n",
      " [ 0.10581597  0.09792229  0.10128523  0.09319596  0.10130994  0.09334694\n",
      "   0.10492049  0.0938831   0.11242333  0.09589674]\n",
      " [ 0.11327841  0.09888449  0.1089845   0.09392498  0.09322806  0.09082725\n",
      "   0.12282928  0.08765814  0.1086645   0.08172043]\n",
      " [ 0.10809202  0.0952373   0.10106798  0.09267625  0.10838035  0.10279789\n",
      "   0.10481057  0.08990906  0.10214333  0.09488531]\n",
      " [ 0.11500557  0.09343667  0.11421373  0.09351601  0.09796958  0.08744511\n",
      "   0.11312703  0.08619007  0.10484824  0.09424799]\n",
      " [ 0.10238101  0.09026198  0.10787762  0.0874624   0.10778249  0.10079069\n",
      "   0.10005075  0.09786441  0.1058559   0.09967271]\n",
      " [ 0.10011956  0.09698095  0.10506132  0.09233103  0.09947914  0.09927055\n",
      "   0.11205892  0.09480548  0.10637886  0.09351418]\n",
      " [ 0.10153558  0.0928586   0.11018277  0.09194899  0.0905633   0.09805416\n",
      "   0.11142481  0.1101605   0.10517512  0.08809623]\n",
      " [ 0.101272    0.10522565  0.10970896  0.09727556  0.10030205  0.09006868\n",
      "   0.1020823   0.10301649  0.10616914  0.08487916]\n",
      " [ 0.10769358  0.09932937  0.10755539  0.09284603  0.10158232  0.09364129\n",
      "   0.11127578  0.09577363  0.09027834  0.1000243 ]\n",
      " [ 0.09809346  0.09416635  0.1083192   0.10159439  0.09333259  0.09946606\n",
      "   0.11147437  0.0948015   0.10271868  0.09603341]\n",
      " [ 0.10669738  0.11844411  0.09943241  0.10046283  0.09770579  0.08871783\n",
      "   0.10900898  0.09422652  0.09532212  0.08998197]\n",
      " [ 0.09862752  0.1025905   0.0930634   0.09527887  0.10558411  0.10164615\n",
      "   0.10933906  0.09793971  0.10194825  0.09398238]\n",
      " [ 0.10595249  0.09693077  0.09872072  0.08424336  0.1077405   0.10393234\n",
      "   0.11474812  0.09357847  0.10076822  0.09338497]\n",
      " [ 0.10338658  0.09813555  0.0942578   0.10003032  0.10504696  0.0987117\n",
      "   0.10845939  0.09419317  0.11131734  0.08646123]\n",
      " [ 0.11262612  0.10279553  0.09633384  0.08554801  0.09253161  0.09651851\n",
      "   0.12007497  0.10069298  0.10027408  0.09260432]\n",
      " [ 0.09751149  0.09687676  0.10771078  0.09129456  0.09340384  0.10575218\n",
      "   0.11232993  0.09164262  0.11057692  0.09290092]\n",
      " [ 0.10197275  0.10690517  0.08882241  0.09817772  0.10460265  0.10280137\n",
      "   0.10705261  0.09266834  0.1041626   0.0928344 ]\n",
      " [ 0.09740759  0.08811034  0.09511358  0.08184475  0.1127786   0.10697898\n",
      "   0.10691142  0.10640806  0.10543996  0.09900665]\n",
      " [ 0.10538809  0.10083985  0.0992837   0.09332636  0.09398314  0.09724431\n",
      "   0.11986393  0.09681304  0.10481993  0.08843771]\n",
      " [ 0.10000462  0.09377539  0.10008319  0.08905534  0.10008296  0.10357872\n",
      "   0.10758504  0.10734177  0.11121378  0.08727928]\n",
      " [ 0.10325482  0.08577307  0.09451367  0.09401374  0.09959704  0.11880788\n",
      "   0.10612238  0.09365634  0.11113667  0.09312442]\n",
      " [ 0.10735647  0.10268108  0.09761251  0.09302688  0.09578978  0.09970485\n",
      "   0.10322195  0.09719343  0.12043611  0.08297696]\n",
      " [ 0.10354869  0.09431162  0.09515865  0.094424    0.0933866   0.10434482\n",
      "   0.10375963  0.0955029   0.11352111  0.102042  ]\n",
      " [ 0.10449193  0.09535835  0.11079235  0.1022269   0.0950352   0.09757715\n",
      "   0.10945353  0.09666605  0.1069951   0.08140349]\n",
      " [ 0.10645518  0.10776533  0.09283499  0.09713464  0.10360073  0.09783563\n",
      "   0.10216841  0.09477662  0.09862594  0.09880251]\n",
      " [ 0.11175545  0.09879112  0.1003915   0.10077318  0.09635396  0.09979809\n",
      "   0.10384761  0.09365916  0.10756056  0.08706935]\n",
      " [ 0.10727211  0.08810825  0.09863576  0.088945    0.10957367  0.10695818\n",
      "   0.09879755  0.10539564  0.1011913   0.09512253]\n",
      " [ 0.10375404  0.10114168  0.09576652  0.09445191  0.09944734  0.09750385\n",
      "   0.11076766  0.09163873  0.11106801  0.09446022]\n",
      " [ 0.12309943  0.10977216  0.09943075  0.08251274  0.09953239  0.08657436\n",
      "   0.11160666  0.08469556  0.11143009  0.09134589]\n",
      " [ 0.10378356  0.08618999  0.10243013  0.08969603  0.0957443   0.10472073\n",
      "   0.11251332  0.10303859  0.12061235  0.0812709 ]\n",
      " [ 0.09804163  0.09943923  0.10180157  0.08799601  0.10330785  0.10096078\n",
      "   0.09479708  0.10877691  0.11356737  0.09131155]\n",
      " [ 0.10013797  0.09621832  0.093036    0.10527554  0.09791581  0.09324265\n",
      "   0.11009061  0.10110067  0.11267603  0.09030645]\n",
      " [ 0.10147366  0.10536631  0.09867367  0.09732973  0.10084802  0.0965509\n",
      "   0.10467172  0.10231399  0.10477389  0.08799811]\n",
      " [ 0.1065386   0.08812888  0.1055707   0.09608293  0.08384735  0.10987782\n",
      "   0.11033709  0.10090425  0.10723609  0.09147633]\n",
      " [ 0.10782986  0.09322561  0.10095936  0.09317476  0.10444769  0.09336884\n",
      "   0.11280949  0.09143948  0.10467137  0.09807353]\n",
      " [ 0.10071481  0.11500707  0.09378418  0.0937387   0.09467279  0.09998155\n",
      "   0.12063541  0.0946845   0.10081206  0.08596893]\n",
      " [ 0.10326046  0.09625638  0.10027508  0.09108984  0.09970123  0.10182866\n",
      "   0.11323221  0.09519533  0.10530557  0.09385518]\n",
      " [ 0.10241397  0.10423531  0.09894617  0.10518188  0.09663201  0.09734932\n",
      "   0.10930438  0.09254962  0.10009921  0.09328811]\n",
      " [ 0.10744895  0.10135657  0.10552398  0.10059576  0.08874279  0.09384968\n",
      "   0.10895814  0.09120857  0.11559481  0.08672079]\n",
      " [ 0.10714684  0.09507838  0.08943884  0.09134658  0.09964651  0.1011419\n",
      "   0.12339453  0.08423353  0.11625022  0.09232274]\n",
      " [ 0.10431257  0.0983641   0.10276218  0.09908702  0.09292699  0.09686127\n",
      "   0.10705219  0.10449193  0.1000364   0.09410533]\n",
      " [ 0.10160298  0.10230051  0.09429453  0.09093715  0.09809236  0.11184628\n",
      "   0.11595617  0.09769616  0.1012336   0.08604025]\n",
      " [ 0.11505612  0.09938047  0.09812286  0.08844081  0.09759277  0.08525088\n",
      "   0.10294857  0.09304095  0.12520434  0.09496216]\n",
      " [ 0.11166818  0.10038052  0.10734966  0.09255643  0.09857481  0.09400336\n",
      "   0.1133455   0.08675286  0.10684187  0.0885269 ]\n",
      " [ 0.10701071  0.09467193  0.09280945  0.09799029  0.10192204  0.09219205\n",
      "   0.11704512  0.10140093  0.11332705  0.08163036]\n",
      " [ 0.10342492  0.10115294  0.09506833  0.09362306  0.10435136  0.08832292\n",
      "   0.11298954  0.10759249  0.10737576  0.08609869]\n",
      " [ 0.09095488  0.0902421   0.09581445  0.09012302  0.09591249  0.1192454\n",
      "   0.09821852  0.10013301  0.11394219  0.10541385]\n",
      " [ 0.1109712   0.08623127  0.10395888  0.08525161  0.09491617  0.1089647\n",
      "   0.10219304  0.0916189   0.11785991  0.09803427]\n",
      " [ 0.10124077  0.09891646  0.10301706  0.09737032  0.09964884  0.0982013\n",
      "   0.10602289  0.09873322  0.10364725  0.09320184]\n",
      " [ 0.11004104  0.09172157  0.10120762  0.10117886  0.09582876  0.09668732\n",
      "   0.10985662  0.09821198  0.10952121  0.08574501]\n",
      " [ 0.10238757  0.10603708  0.1076744   0.08531896  0.11094134  0.09394556\n",
      "   0.10311025  0.09714042  0.11099618  0.08244827]\n",
      " [ 0.09939862  0.10434914  0.10426412  0.09423164  0.10670002  0.09201939\n",
      "   0.11318079  0.0936889   0.09815183  0.09401552]\n",
      " [ 0.10454886  0.09960233  0.09632573  0.10563762  0.09526625  0.09170767\n",
      "   0.09734695  0.10822514  0.10434698  0.09699254]\n",
      " [ 0.10466481  0.11267725  0.09928851  0.10438198  0.1010143   0.09775821\n",
      "   0.10137541  0.0984671   0.0953036   0.0850688 ]\n",
      " [ 0.10455967  0.11097423  0.10015272  0.09310553  0.09542197  0.10590618\n",
      "   0.12387146  0.09081011  0.09222547  0.0829727 ]\n",
      " [ 0.10912349  0.11452381  0.09522296  0.09927776  0.10578312  0.08925671\n",
      "   0.09772965  0.09659652  0.10011233  0.09237369]\n",
      " [ 0.10339893  0.09949954  0.08970838  0.09487509  0.10508665  0.09979487\n",
      "   0.12285904  0.09911561  0.1008823   0.08477962]\n",
      " [ 0.0923457   0.10025991  0.10190205  0.09932864  0.08840355  0.10410276\n",
      "   0.11668992  0.09566801  0.10921735  0.09208208]\n",
      " [ 0.10181388  0.09671166  0.09258734  0.09781823  0.1049141   0.09858983\n",
      "   0.11055148  0.10061848  0.102132    0.09426302]\n",
      " [ 0.10716398  0.10030656  0.10042169  0.08872695  0.09947353  0.103653\n",
      "   0.12051187  0.09564807  0.09691332  0.08718103]\n",
      " [ 0.10880226  0.09297329  0.11023679  0.08339567  0.09914184  0.10701072\n",
      "   0.113216    0.08949494  0.10672867  0.0889999 ]\n",
      " [ 0.09439954  0.10400353  0.09293217  0.09509841  0.10344266  0.09393254\n",
      "   0.11838875  0.10385374  0.10391723  0.09003136]\n",
      " [ 0.10553655  0.09756183  0.09544081  0.09166923  0.10795458  0.10580206\n",
      "   0.10377368  0.10448779  0.10058303  0.08719043]\n",
      " [ 0.09565723  0.10905486  0.09506098  0.09056109  0.10052122  0.10898595\n",
      "   0.10820208  0.10288838  0.10497037  0.08409791]\n",
      " [ 0.09737269  0.09962749  0.10259443  0.10198411  0.09307741  0.10090006\n",
      "   0.1042535   0.10194851  0.10743679  0.09080501]\n",
      " [ 0.10353949  0.09842791  0.09927876  0.09216329  0.10203336  0.10792013\n",
      "   0.11243413  0.08886404  0.10780061  0.08753826]\n",
      " [ 0.10690127  0.0910175   0.11793917  0.08470155  0.08858719  0.0940267\n",
      "   0.09606524  0.11142205  0.11223572  0.09710365]\n",
      " [ 0.10493127  0.09479596  0.09077563  0.08921583  0.11778751  0.10362215\n",
      "   0.10608752  0.09833372  0.09805714  0.09639326]\n",
      " [ 0.0956131   0.10654604  0.10559941  0.0939891   0.0874662   0.10145993\n",
      "   0.11821494  0.10212457  0.10184173  0.087145  ]\n",
      " [ 0.09970145  0.1027502   0.09052041  0.09407052  0.09809917  0.09795464\n",
      "   0.10765733  0.0994873   0.11487561  0.0948833 ]\n",
      " [ 0.10143282  0.10042466  0.10552582  0.09259933  0.10069948  0.09073619\n",
      "   0.12162403  0.08875173  0.11510117  0.08310476]\n",
      " [ 0.10478674  0.09292832  0.1018853   0.09076288  0.09866121  0.0944879\n",
      "   0.10123511  0.10617245  0.12554292  0.08353716]\n",
      " [ 0.09973453  0.09273735  0.10162839  0.09285662  0.10205095  0.10464777\n",
      "   0.10647047  0.10158978  0.10438941  0.09389473]\n",
      " [ 0.10298613  0.10038204  0.09935034  0.10181983  0.10740627  0.09598374\n",
      "   0.10655218  0.08973235  0.10619941  0.0895877 ]\n",
      " [ 0.09754707  0.10003752  0.0935915   0.08838145  0.10249598  0.09871549\n",
      "   0.11849222  0.10394435  0.1080144   0.08878   ]\n",
      " [ 0.10343976  0.09123904  0.11613956  0.0869637   0.09601831  0.09786434\n",
      "   0.10159917  0.09306651  0.11134923  0.10232044]\n",
      " [ 0.12160814  0.08961768  0.09413812  0.09656186  0.10769231  0.09520441\n",
      "   0.11839104  0.09129668  0.10158189  0.08390785]\n",
      " [ 0.11058113  0.09913788  0.09483793  0.09303543  0.1047467   0.09013704\n",
      "   0.11371683  0.09796344  0.10689746  0.08894613]\n",
      " [ 0.0996621   0.10093833  0.10157622  0.0980683   0.09459746  0.09156252\n",
      "   0.12056638  0.08862895  0.11086174  0.09353805]\n",
      " [ 0.1023844   0.08997574  0.10117611  0.09028865  0.09779662  0.10403212\n",
      "   0.10251135  0.10325024  0.11443885  0.09414599]\n",
      " [ 0.11023927  0.09100039  0.10055317  0.093582    0.09653659  0.11004023\n",
      "   0.11520138  0.09848889  0.09953641  0.08482166]\n",
      " [ 0.1013353   0.0968307   0.09869081  0.10137498  0.08565349  0.10649893\n",
      "   0.10361511  0.10866594  0.11322986  0.08410485]\n",
      " [ 0.10508822  0.08509889  0.10568013  0.09354937  0.09766074  0.09649792\n",
      "   0.11065634  0.10103621  0.11012417  0.09460798]\n",
      " [ 0.10764374  0.09203148  0.09387342  0.08545093  0.10706457  0.10509703\n",
      "   0.11186567  0.10198385  0.10373739  0.09125192]\n",
      " [ 0.09705327  0.0955532   0.09572143  0.10293638  0.09366719  0.10607408\n",
      "   0.10962804  0.10432848  0.11356843  0.08146945]\n",
      " [ 0.10432626  0.10041231  0.10043396  0.08840062  0.09952923  0.09756655\n",
      "   0.11094224  0.09707548  0.11169835  0.08961504]\n",
      " [ 0.1042881   0.10270914  0.109839    0.10293064  0.09469464  0.09176453\n",
      "   0.10733737  0.09548562  0.10246418  0.0884868 ]\n",
      " [ 0.10282177  0.10135809  0.1017317   0.10709879  0.09174751  0.10229513\n",
      "   0.1145      0.09433895  0.10067475  0.08343336]\n",
      " [ 0.10824785  0.10372822  0.10015922  0.0884639   0.10100327  0.09776837\n",
      "   0.11577377  0.09485772  0.10337654  0.08662113]\n",
      " [ 0.11367685  0.09376478  0.09614507  0.09413818  0.09607315  0.10449483\n",
      "   0.10417148  0.09462614  0.10812958  0.09477986]] (22.075 sec)\n"
     ]
    },
    {
     "name": "stdout",
     "output_type": "stream",
     "text": [
      "INFO:tensorflow:global_step/sec: 2.3399\n",
      "INFO:tensorflow:probabilities = [[ 0.10599661  0.10059265  0.09278829  0.09340074  0.10003493  0.0945351\n",
      "   0.1040629   0.09740014  0.11491371  0.0962749 ]\n",
      " [ 0.10068036  0.0972997   0.10063086  0.09878592  0.09435564  0.10238653\n",
      "   0.10730888  0.09060529  0.11489136  0.09305549]\n",
      " [ 0.09721259  0.09677527  0.0971633   0.09617225  0.09229644  0.09940888\n",
      "   0.11063245  0.10306876  0.11383928  0.09343083]\n",
      " [ 0.10833891  0.0939371   0.10096358  0.0983323   0.09933482  0.09558525\n",
      "   0.09764508  0.09539919  0.10548821  0.10497556]\n",
      " [ 0.10523692  0.09577595  0.10136955  0.09478844  0.1001473   0.09295638\n",
      "   0.10986144  0.09538071  0.11192127  0.0925621 ]\n",
      " [ 0.10915753  0.1021221   0.09958621  0.09325313  0.09863922  0.09678084\n",
      "   0.10593073  0.10031701  0.10571726  0.08849595]\n",
      " [ 0.10016051  0.09902731  0.09577354  0.09803654  0.09635796  0.09957214\n",
      "   0.10637771  0.10022728  0.10938615  0.09508096]\n",
      " [ 0.09313001  0.10032542  0.10117442  0.10088702  0.10557809  0.08946928\n",
      "   0.10873856  0.10202956  0.1054876   0.09318   ]\n",
      " [ 0.10481474  0.08805645  0.09875632  0.10776521  0.09854243  0.10099477\n",
      "   0.10952805  0.09201298  0.10608459  0.09344441]\n",
      " [ 0.10511519  0.08526427  0.10392038  0.0937114   0.09751518  0.11299986\n",
      "   0.09769291  0.10090617  0.11650924  0.08636535]\n",
      " [ 0.1149139   0.10510539  0.08672187  0.09429344  0.1071289   0.10008712\n",
      "   0.09988005  0.09317609  0.10660199  0.09209119]\n",
      " [ 0.10818728  0.09994459  0.10052418  0.09937149  0.10403509  0.09293308\n",
      "   0.11196104  0.09193244  0.10537196  0.08573885]\n",
      " [ 0.10019747  0.097664    0.09603429  0.09740651  0.08993295  0.10731498\n",
      "   0.11689576  0.09237548  0.10818101  0.09399758]\n",
      " [ 0.1057238   0.0978754   0.10190064  0.09863003  0.09810117  0.09187128\n",
      "   0.10602608  0.09443204  0.11053933  0.0949002 ]\n",
      " [ 0.10367954  0.10353839  0.09091538  0.09300039  0.09739091  0.09721072\n",
      "   0.11457261  0.10630868  0.10462786  0.08875552]\n",
      " [ 0.10101858  0.10385836  0.10387603  0.10259892  0.09669802  0.08733258\n",
      "   0.1103615   0.09504806  0.10482205  0.09438583]\n",
      " [ 0.10346567  0.10370791  0.1005379   0.1037555   0.10167921  0.09006025\n",
      "   0.10976078  0.09408402  0.09901182  0.09393688]\n",
      " [ 0.10639135  0.09919192  0.10886404  0.08926205  0.0948924   0.10236873\n",
      "   0.10117459  0.09084958  0.11255579  0.09444951]\n",
      " [ 0.1029586   0.10276678  0.1002222   0.09818949  0.09948847  0.09650064\n",
      "   0.09919434  0.09688207  0.10717081  0.09662662]\n",
      " [ 0.10081325  0.09792016  0.10950145  0.10046823  0.0999466   0.09308653\n",
      "   0.11030895  0.09090733  0.11341517  0.08363238]\n",
      " [ 0.10969608  0.09601884  0.0936422   0.10884014  0.09614597  0.09784337\n",
      "   0.11231863  0.08606178  0.11055338  0.08887967]\n",
      " [ 0.10341502  0.09951311  0.10334636  0.0966352   0.09922878  0.10139891\n",
